UK Minimum Temperature (Degrees C)
Areal series, starting from 1910
Allowances have been made for topographic, coastal and urban effects where relationships are found to exist.
Seasons: Winter=Dec-Feb, Spring=Mar-May, Summer=June-Aug, Autumn=Sept-Nov. (Winter: Year refers to Jan/Feb).
Monthly values are ranked and displayed to 1 dp and seasonal/annual values to 2 dp. Where values are equal, rankings are based in order of year descending.
All 2017 data are provisional.  Last updated 02/01/2018.

Year    JAN    FEB    MAR    APR    MAY    JUN    JUL    AUG    SEP    OCT    NOV    DEC     WIN    SPR    SUM    AUT     ANN
1910   -0.3    0.9    1.5    2.2    5.6    8.8    9.3   10.4    7.7    6.7   -0.3    3.1     ---   3.12   9.48   4.73    4.65
1911    0.9    0.9    1.2    2.8    6.6    8.4   10.7   11.6    7.8    4.8    2.2    2.6    1.63   3.54  10.27   4.96    5.08
1912    0.3    1.2    3.0    3.0    6.1    8.6   10.5    8.2    6.5    3.5    2.7    2.4    1.39   4.04   9.09   4.24    4.69
1913    1.0    0.9    1.4    3.0    5.8    8.3    9.5    9.4    8.8    6.6    4.1    1.7    1.47   3.40   9.05   6.52    5.06
1914    0.3    2.4    1.5    3.7    5.1    8.3   10.4   10.3    7.6    5.9    2.7    0.7    1.42   3.40   9.67   5.42    4.91
1915    0.6    0.1    0.7    2.6    4.4    7.6    9.3   10.1    7.9    4.7   -0.7    1.2    0.50   2.55   9.03   3.97    4.07
1916    3.6    0.0   -0.2    2.8    5.6    6.7    9.8   10.6    8.2    6.1    3.3   -0.7    1.64   2.69   9.05   5.89    4.66
1917   -0.7   -2.0   -0.9    0.3    6.0    8.5   10.0   11.0    8.9    2.9    4.2   -0.8   -1.08   1.83   9.83   5.33    3.99
1918   -0.2    2.9    1.2    2.0    6.6    7.1    9.6   10.7    6.8    5.1    1.6    3.0    0.56   3.27   9.16   4.52    4.72
1919   -0.1   -1.6   -0.7    2.3    6.6    8.0    8.6    9.9    7.3    3.3   -0.5    1.5    0.52   2.72   8.85   3.40    3.76
1920    0.9    1.8    2.2    3.6    6.1    8.4    9.3    8.6    7.8    6.1    3.4    0.8    1.40   3.98   8.78   5.76    4.93
1921    3.1    1.2    2.3    2.5    5.2    7.9   11.0    9.9    8.4    7.6    1.5    2.9    1.75   3.35   9.61   5.86    5.33
1922    0.4    0.7    0.9    0.4    6.1    7.7    8.5    8.5    7.2    4.1    2.2    2.5    1.35   2.47   8.24   4.49    4.12
1923    2.2    2.2    2.2    2.7    4.1    7.4   11.6    9.6    7.1    5.6   -0.2    0.4    2.32   3.02   9.55   4.18    4.60
1924    1.4    0.4   -0.9    1.9    5.9    8.4    9.8    9.4    8.5    5.9    3.8    3.7    0.72   2.32   9.22   6.09    4.88
1925    2.0    1.1    1.0    2.3    6.3    8.4   10.9   10.3    6.7    6.0    0.4   -0.6    2.34   3.23   9.89   4.41    4.61
1926    1.3    2.9    2.2    4.1    4.8    8.0   11.1   10.6    9.1    3.4    2.1    1.3    1.15   3.70   9.93   4.86    5.09
1927    1.2    0.7    2.8    2.9    4.9    6.7   10.8   10.5    7.8    5.7    2.6   -0.5    1.07   3.54   9.36   5.37    4.70
1928    1.2    1.7    1.9    3.2    5.2    7.1   10.0    9.9    6.9    5.7    3.8    0.3    0.78   3.43   9.03   5.46    4.75
1929   -1.4   -2.3    0.3    1.5    5.2    7.4    9.8    9.8    9.3    5.0    2.7    2.2   -1.06   2.35   9.03   5.68    4.18
1930    1.6   -0.9    0.6    3.8    5.3    8.8   10.3   10.5    9.0    6.2    2.0    1.3    1.02   3.22   9.87   5.73    4.91
1931    0.0    0.3   -0.6    3.1    5.9    8.7   10.5    9.3    7.1    4.4    4.2    2.6    0.52   2.79   9.51   5.20    4.63
1932    2.6    0.2    0.4    1.9    5.5    8.0   10.9   11.3    8.0    4.4    3.1    2.4    1.83   2.61  10.08   5.16    4.92
1933   -0.9    0.3    2.2    3.8    6.3    9.1   11.8   11.2    9.1    6.0    2.4   -0.4    0.65   4.11  10.70   5.85    5.11
1934    1.1    0.6    0.4    2.8    5.4    8.7   11.2    9.7    8.7    6.0    2.7    4.8    0.41   2.86   9.89   5.79    5.20
1935    1.6    1.8    2.2    3.1    4.2    9.2   10.6   10.4    8.4    5.1    2.8   -0.3    2.78   3.16  10.07   5.41    4.93
1936    0.1   -0.9    2.8    1.5    5.7    8.6   10.5   10.6    9.6    4.9    2.0    1.7   -0.36   3.33   9.90   5.46    4.76
1937    1.7    1.4   -0.7    4.5    6.3    8.4   10.6   10.6    8.0    5.8    1.9   -0.3    1.60   3.35   9.87   5.22    4.86
1938    2.1    1.4    4.2    2.3    5.0    8.6    9.7   10.2    8.6    6.1    5.1    1.0    1.02   3.84   9.51   6.60    5.37
1939    0.5    1.9    2.0    3.2    5.7    8.0   10.2   10.9    9.2    4.0    4.5    0.4    1.10   3.63   9.71   5.88    5.06
1940   -4.1   -0.5    1.2    3.4    6.3    9.3    9.5    9.7    7.0    5.5    3.0    0.7   -1.40   3.65   9.51   5.16    4.26
1941   -2.4   -0.7    0.3    1.9    3.9    8.6   10.9    9.6    9.7    5.9    2.7    2.2   -0.79   2.04   9.69   6.11    4.41
1942   -1.6   -2.7    0.6    3.3    4.9    7.7    9.8   11.1    8.4    6.0    1.6    3.2   -0.63   2.94   9.55   5.35    4.41
1943    1.4    2.2    2.0    5.0    5.6    8.6    9.9   10.2    7.9    6.3    2.7    0.9    2.26   4.20   9.58   5.66    5.25
1944    2.4    0.2    0.6    4.6    5.2    8.1   11.2   11.0    7.2    5.1    2.1    0.7    1.18   3.46  10.14   4.82    4.90
1945   -3.1    3.0    3.4    4.2    6.0    8.8   11.1   10.4    9.6    7.0    4.1    2.0    0.11   4.54  10.09   6.89    5.54
1946   -0.2    2.2    0.8    3.9    4.9    7.7   10.5    9.2    9.4    5.8    4.3   -0.3    1.30   3.19   9.16   6.48    4.86
1947   -0.7   -4.2   -1.0    3.4    6.8    9.5   11.2   11.4    9.1    6.1    3.1    2.0   -1.65   3.08  10.69   6.09    4.78
1948    1.2    1.1    2.8    3.4    4.7    8.4   10.2   10.0    8.9    5.6    3.8    2.3    1.46   3.64   9.53   6.06    5.21
1949    1.7    1.4    0.8    4.6    5.1    8.2   10.8   10.8   10.5    7.3    3.1    2.1    1.83   3.50   9.96   6.98    5.56
1950    1.5    0.9    2.8    2.5    5.7    9.7   10.5   10.2    8.3    5.6    1.9   -1.7    1.49   3.68  10.14   5.27    4.85
1951    0.4   -0.1    0.1    1.6    4.6    7.6   10.4    9.8    9.2    5.7    4.6    1.9   -0.45   2.12   9.30   6.46    4.68
1952   -1.1   -0.3    2.5    3.9    7.2    8.3   10.8   10.6    6.2    4.8    0.8    0.0    0.17   4.55   9.91   3.96    4.50
1953    0.8    1.0    0.6    1.9    6.8    8.9   10.3   10.4    9.1    5.8    4.9    3.7    0.57   3.13   9.90   6.61    5.39
1954    0.2   -0.9    1.5    2.2    6.1    8.5    9.4    9.7    7.5    7.3    2.8    3.1    1.03   3.24   9.21   5.91    4.82
1955   -0.7   -2.6   -1.1    3.9    4.3    8.2   10.7   11.6    9.0    4.5    3.8    1.6    0.03   2.36  10.19   5.73    4.47
1956   -0.1   -3.3    1.6    1.3    5.8    7.7   10.5    8.5    9.6    5.4    2.9    2.9   -0.50   2.93   8.91   5.96    4.44
1957    1.6    0.8    4.7    3.5    4.7    8.0   11.2   10.4    7.9    6.3    3.3    1.0    1.79   4.30   9.87   5.85    5.31
1958   -0.4    0.4   -0.5    2.4    5.2    8.3   10.5   10.7   10.2    6.8    3.1    1.1    0.32   2.38   9.86   6.69    4.84
1959   -2.1    0.7    2.9    4.2    6.3    8.9   10.8   11.2    8.3    7.4    3.3    2.1   -0.15   4.45  10.32   6.34    5.35
1960    0.4   -0.5    2.5    3.9    6.8    9.6    9.9    9.7    8.1    6.5    3.1    0.3    0.70   4.40   9.71   5.92    5.04
1961    0.0    3.0    3.4    4.8    5.4    8.4    9.7   10.0    9.6    6.4    2.4   -1.3    1.07   4.54   9.36   6.13    5.16
1962    0.6    0.8   -1.7    2.5    5.1    7.6    9.4    9.4    8.0    6.2    2.0   -0.9    0.01   1.95   8.80   5.42    4.10
1963   -4.4   -4.0    1.6    3.6    5.1    9.2    9.4    9.5    8.0    6.5    3.9   -0.2   -3.07   3.42   9.35   6.14    4.05
1964    0.6    1.0    1.1    4.1    7.3    8.5   10.4    9.7    8.2    4.3    3.5   -0.3    0.48   4.16   9.53   5.33    4.88
1965   -0.2    0.0    0.3    2.8    6.2    8.7    8.8    9.4    7.8    6.4    0.8    0.5   -0.16   3.11   8.98   5.01    4.33
1966    0.0    1.7    2.3    2.7    5.3    9.8    9.6    9.2    9.1    5.7    1.7    1.4    0.69   3.42   9.54   5.51    4.88
1967    1.3    1.8    2.7    3.1    5.1    8.1   10.7   10.2    8.9    6.3    1.8    1.0    1.45   3.66   9.67   5.67    5.10
1968    0.8   -1.7    1.8    2.6    4.4    8.8    9.7   10.1    9.1    8.4    3.2    0.3    0.08   2.94   9.54   6.93    4.82
1969    1.9   -2.5   -0.4    2.0    5.9    7.9   10.8   11.2    9.0    8.4    1.0    0.2   -0.01   2.53   9.96   6.13    4.66
1970    0.4   -1.2   -0.4    1.9    7.0    9.7    9.8   10.5    9.2    6.2    3.5    1.2   -0.18   2.85  10.00   6.31    4.85
1971    1.4    1.1    1.2    2.9    5.6    7.4   10.5   10.5    8.6    6.6    2.1    3.7    1.24   3.25   9.49   5.79    5.17
1972    0.9    0.9    1.6    3.8    5.7    6.7    9.8    9.4    6.6    6.0    2.2    2.1    1.85   3.68   8.66   4.94    4.66
1973    1.6    0.3    1.3    2.1    5.9    8.8   10.3   10.6    9.0    4.7    1.9    1.0    1.36   3.12   9.90   5.21    4.83
1974    2.3    1.8    1.3    2.5    5.5    8.0    9.8    9.6    7.2    4.0    2.8    4.1    1.71   3.11   9.15   4.69    4.94
1975    2.5    0.9    0.8    3.5    4.4    7.8   11.2   11.9    7.9    5.9    2.3    2.1    2.57   2.89  10.33   5.35    5.12
1976    2.1    1.3    0.8    3.1    6.3   10.0   11.4   10.1    8.6    6.5    2.3   -1.1    1.82   3.43  10.51   5.81    5.13
1977   -0.6    1.0    2.8    2.5    4.7    7.1   10.3    9.8    8.3    7.6    2.3    2.8   -0.29   3.33   9.11   6.07    4.91
1978   -0.3   -1.4    2.2    2.1    5.8    8.3    9.6   10.2    9.2    7.6    4.3    1.1    0.45   3.36   9.34   7.03    4.91
1979   -3.6   -1.9    0.4    2.9    4.4    8.6   10.3    9.5    8.0    7.0    2.4    2.0   -1.46   2.57   9.45   5.81    4.20
1980   -0.9    1.8    0.7    3.4    5.0    8.7    9.5   10.7    9.9    4.6    3.1    1.9    0.98   3.02   9.66   5.83    4.87
1981    0.9   -0.3    3.4    2.7    6.3    8.4   10.3   10.5    9.2    3.6    3.6   -3.0    0.89   4.16   9.73   5.42    4.66
1982   -0.8    1.4    1.4    3.3    5.2    9.7   10.7   10.6    8.6    6.2    4.0    0.5   -0.88   3.30  10.32   6.25    5.07
1983    2.7   -1.4    2.6    1.7    5.4    8.6   12.1   11.2    8.9    6.0    4.0    2.3    0.66   3.24  10.64   6.27    5.38
1984   -0.5    0.5    1.1    2.3    4.4    8.8   10.2   11.1    8.8    6.4    4.4    1.9    0.75   2.59  10.03   6.53    4.95
1985   -2.4   -0.9    0.4    3.5    5.6    7.3   10.7    9.8    9.1    6.7    0.1    2.6   -0.46   3.17   9.29   5.30    4.41
1986   -0.1   -3.6    0.8    1.3    6.1    8.7   10.4    8.6    6.0    6.3    3.6    2.0   -0.23   2.74   9.22   5.30    4.23
1987   -1.8   -0.2    0.2    4.6    4.9    7.7   10.7   10.3    8.4    5.0    3.4    2.4    0.01   3.19   9.57   5.61    4.65
1988    1.6    1.1    2.0    3.3    6.1    9.1   10.2   10.0    8.7    6.3    1.6    4.2    1.71   3.82   9.79   5.52    5.37
1989    3.1    1.7    2.4    1.9    6.5    8.0   11.4   10.5    9.0    7.3    2.8    1.0    3.03   3.62   9.99   6.37    5.49
1990    2.8    3.1    3.8    2.5    6.2    8.6   10.3   11.7    7.7    7.6    3.2    1.1    2.26   4.20  10.23   6.19    5.75
1991   -0.1   -1.7    3.3    3.3    6.0    7.2   11.9   11.2    8.5    6.1    2.9    1.5   -0.19   4.20  10.14   5.82    5.05
1992    0.7    1.7    3.2    3.9    7.1    9.6   10.8   10.1    8.5    3.4    3.0    0.5    1.26   4.72  10.17   4.97    5.21
1993    1.8    2.3    2.1    4.7    5.9    9.2   10.0    9.0    7.6    4.1    1.3    1.3    1.48   4.23   9.39   4.33    4.94
1994    1.3   -0.3    2.9    3.2    5.3    8.7   11.2   10.4    8.0    5.6    6.4    2.5    0.78   3.79  10.11   6.64    5.45
1995    0.5    2.1    0.7    3.7    5.7    8.4   11.8   11.8    8.6    8.2    3.9   -0.8    1.69   3.33  10.70   6.96    5.41
1996    2.2   -1.0    1.1    3.6    3.8    8.1   10.2   10.9    8.6    7.1    1.6    0.0    0.15   2.81   9.71   5.79    4.70
1997   -0.5    2.2    3.6    3.7    5.6    8.9   10.8   12.7    8.7    5.6    5.1    2.6    0.51   4.29  10.82   6.46    5.77
1998    1.6    3.8    3.5    3.2    7.2    9.0   10.5   10.3    9.9    6.0    2.2    1.9    2.63   4.62   9.94   6.06    5.77
1999    1.8    1.4    2.9    4.5    7.5    8.3   11.3   10.7   10.3    6.5    4.0    0.8    1.69   4.96  10.10   6.93    5.85
2000    1.4    2.0    3.1    3.0    6.3    9.1   10.1   10.8    9.9    6.1    3.0    2.3    1.41   4.15  10.02   6.34    5.61
2001   -0.1    0.1    0.8    2.9    6.5    8.4   11.1   11.1    8.9    9.4    3.6    0.0    0.79   3.41  10.23   7.31    5.26
2002    2.1    2.5    2.8    3.9    6.8    9.4   10.4   11.6    9.0    5.3    5.0    2.8    1.51   4.51  10.49   6.42    5.99
2003    1.0    0.0    2.2    4.2    6.7   10.1   12.1   11.7    8.3    4.3    4.4    1.3    1.33   4.35  11.34   5.63    5.55
2004    1.7    1.4    2.1    4.8    6.5    9.9   10.4   12.2    9.7    6.3    4.4    2.0    1.45   4.48  10.84   6.79    5.97
2005    2.5    1.0    3.2    3.9    5.7    9.8   11.3   10.4    9.9    8.8    2.2    1.3    1.88   4.31  10.53   6.97    5.88
2006    1.3    0.7    0.8    3.5    6.5    9.7   12.5   11.2   11.3    8.5    4.0    2.9    1.11   3.59  11.14   7.95    6.11
2007    3.2    2.2    2.5    5.3    6.5    9.9   10.5   10.3    8.8    6.7    3.9    1.5    2.79   4.78  10.22   6.45    5.95
2008    2.5    1.0    1.8    3.1    7.6    8.7   11.3   11.8    8.9    5.1    3.5    0.2    1.64   4.15  10.61   5.84    5.47
2009    0.0    1.0    2.3    4.6    6.5    9.0   11.2   11.5    9.5    7.1    4.6   -0.7    0.39   4.42  10.58   7.06    5.55
2010   -1.7   -1.1    1.3    3.3    5.2    9.3   11.6   10.2    9.1    6.0    1.5   -4.1   -1.18   3.23  10.40   5.53    4.24
2011    0.4    2.6    1.9    5.7    6.9    8.3    9.7   10.3   10.1    8.0    5.8    2.1   -0.46   4.80   9.43   7.97    5.98
2012    1.8    1.2    3.4    2.5    6.0    8.8   10.4   11.4    8.1    4.8    2.8    1.1    1.73   4.00  10.19   5.23    5.21
2013    1.0   -0.1   -0.7    2.2    5.2    8.6   11.9   11.4    8.9    8.3    2.4    2.8    0.68   2.26  10.66   6.56    5.21
2014    2.1    2.5    2.9    5.3    7.3    9.9   11.5    9.9    9.7    7.9    4.8    1.5    2.48   5.17  10.45   7.47    6.30
2015    0.8    0.5    2.0    3.0    5.7    8.2   10.3   10.6    7.7    6.4    5.3    5.2    0.97   3.57   9.70   6.46    5.51
2016    1.8    0.7    1.7    2.5    6.8   10.1   11.3   11.4   11.0    6.3    1.7    2.9    2.63   3.67  10.92   6.33    5.70
2017    1.0    2.6    3.7    3.9    7.5   10.6   11.0   10.6    9.0    8.2    2.8    1.3    2.16   5.01  10.74   6.68    6.03
